Accuracy: 0.8518518518518519
Precision: 0.8421052631578947
Recall: 0.7619047619047619
F1 Score: 0.8
ROC AUC: 0.9047619047619048